1 1
2 1
3 1
4 1
5 2
6 2
7 2
8 2
9 2
10 2
11 2
12 2
13 2
14 2
15 2
16 2
17 2
18 2
19 2
20 2
21 2
22 2
23 2
24 2
25 3
26 3
27 3
28 3
29 3
30 3
31 3
32 4
33 4
34 4
35 4
36 4
37 5
38 5
39 5
40 5
41 5
42 5
43 5
44 5
45 5
46 5
47 6
48 6
49 6
50 6
51 6
52 6
53 6
54 6
55 7
56 7
57 7
58 7
59 7
60 7
61 7
62 7
63 7
64 8
65 8
66 8
67 8
68 8
69 8
70 8
71 8
72 8
73 8
74 8
75 9
76 9
77 9
78 9
79 9
80 10
81 10
82 10
83 10
84 10
85 10
86 10
87 11
88 11
89 11
90 11
91 11
92 11
93 11
94 11
95 11
96 11
97 11
98 11
99 11
100 11
101 11
102 11
103 12
104 12
105 12
106 12
107 12
108 12
109 12
110 12
111 12
112 13
113 13
114 13
115 13
116 13
117 13
118 13
119 13
120 13
121 13
122 13
123 14
124 14
125 14
126 14
127 14
128 14
129 14
130 14
131 14
132 14
133 14
134 15
135 15
136 15
137 15
138 15
139 15
140 15
141 15
142 15
143 15
144 15
145 15
146 16
147 16
148 16
149 16
150 16
151 16
152 16
153 16
154 17
155 17
156 17
157 17
158 17
159 17
160 17
161 17
162 18
163 18
164 18
165 18
166 18
167 19
168 19
169 19
170 19
171 19
172 19
173 19
174 19
175 20
176 20
177 20
178 20
179 20
180 20
181 20
182 20
183 20
184 21
185 21
186 21
187 21
188 21
189 21
190 21
191 21
192 21
193 21
194 21
195 22
196 22
197 22
198 22
199 22
200 22
201 22
202 22
203 22
204 22
205 22
206 23
207 23
208 23
209 23
210 23
211 23
212 23
213 23
214 24
215 24
216 24
217 24
218 24
219 24
220 24
221 24
222 24
223 24
224 24
225 24
226 24
227 24
228 24
229 24
230 25
231 25
232 25
233 25
234 25
235 25
236 25
237 25
238 25
239 26
240 26
241 26
242 26
243 26
244 26
245 26
246 26
247 26
248 27
249 27
250 27
251 27
252 27
253 27
254 27
255 27
256 28
257 28
258 28
259 28
260 28
261 28
262 28
263 29
264 29
265 29
266 29
267 29
268 29
269 30
270 30
271 30
272 30
273 30
274 30
275 30
276 31
277 31
278 31
279 31
280 31
281 31
282 31
283 31
284 32
285 32
286 32
287 32
288 32
289 32
290 33
291 33
292 33
293 33
294 33
295 33
296 33
297 33
298 33
299 33
300 34
301 34
302 34
303 34
304 34
305 34
306 34
307 34
308 34
309 34
310 34
311 34
312 34
313 34
314 34
315 34
316 35
317 35
318 35
319 35
320 35
321 35
322 35
323 35
324 35
325 36
326 36
327 36
328 36
329 36
330 36
331 36
332 36
333 36
334 36
335 37
336 37
337 37
338 37
339 37
340 37
341 37
342 37
343 37
344 38
345 38
346 38
347 38
348 38
349 38
350 38
351 38
352 38
353 38
354 39
355 39
356 39
357 39
358 39
359 39
360 40
361 40
362 40
363 40
364 40
365 40
366 40
367 41
368 41
369 41
370 41
371 41
372 41
373 41
374 42
375 42
376 42
377 42
378 42
379 43
380 43
381 43
382 43
383 43
384 43
385 43
386 44
387 44
388 44
389 44
390 44
391 44
392 44
393 44
394 45
395 45
396 45
397 46
398 46
399 46
400 46
401 46
402 46
403 46
404 46
405 46
406 46
407 46
408 46
409 46
410 46
411 46
412 47
413 47
414 47
415 47
416 47
417 48
418 48
419 48
420 48
421 48
422 48
423 48
424 48
425 48
426 48
427 48
428 48
429 48
430 48
431 49
432 49
433 49
434 49
435 49
436 49
437 49
438 50
439 50
440 50
441 50
442 50
443 50
444 50
445 50
446 51
447 51
448 51
449 51
450 52
451 52
452 52
453 52
454 52
455 52
456 52
457 52
458 52
459 52
460 52
461 53
462 53
463 53
464 53
465 53
466 53
467 53
468 53
469 53
470 54
471 54
472 54
473 54
474 55
475 55
476 55
477 55
478 55
479 56
480 56
481 56
482 56
483 56
484 57
485 57
486 57
487 57
488 57
489 58
490 58
491 58
492 58
493 58
494 58
495 58
496 58
497 58
498 58
499 58
500 58
501 59
502 59
503 59
504 59
505 59
506 59
507 60
508 60
509 60
510 60
511 60
512 60
513 60
514 61
515 61
516 61
517 61
518 61
519 62
520 62
521 62
522 62
523 63
524 63
525 63
526 63
527 63
528 63
529 64
530 64
531 64
532 64
533 64
534 65
535 65
536 65
537 65
538 65
539 65
540 65
541 66
542 66
543 66
544 66
545 66
546 66
547 66
548 66
549 66
550 66
551 66
552 67
553 67
554 67
555 67
556 67
557 67
558 67
559 67
560 67
561 67
562 67
563 67
564 68
565 68
566 68
567 68
568 69
569 69
570 69
571 69
572 69
573 69
574 69
575 70
576 70
577 70
578 70
579 71
580 71
581 71
582 71
583 71
584 71
585 72
586 72
587 72
588 73
589 73
590 73
591 73
592 73
593 73
594 74
595 74
596 74
597 74
598 75
599 75
600 75
601 75
602 76
603 76
604 76
605 76
606 76
607 76
608 77
609 77
610 77
611 77
612 78
613 78
614 78
615 78
616 78
617 78
618 79
619 79
620 79
621 79
622 79
623 79
624 80
625 80
626 80
627 80
628 80
629 80
630 81
631 81
632 81
633 81
634 81
635 81
636 81
637 81
638 82
639 82
640 82
641 82
642 82
643 82
644 82
645 82
646 82
647 82
648 83
649 83
650 83
651 83
652 83
653 84
654 84
655 84
656 84
657 84
658 84
659 84
660 85
661 85
662 85
663 85
664 86
665 86
666 86
667 86
668 86
669 86
670 87
671 87
672 87
673 87
674 87
675 87
676 87
677 87
678 87
679 87
680 87
681 87
682 88
683 88
684 88
685 88
686 88
687 88
688 89
689 89
690 89
691 89
692 89
693 89
694 89
695 89
696 89
697 90
698 91
699 91
700 91
701 91
702 91
703 91
704 91
705 91
706 91
707 92
708 92
709 92
710 92
711 92
712 92
713 92
714 93
715 93
716 93
717 93
718 93
719 93
720 93
721 93
722 94
723 94
724 94
725 94
726 94
727 95
728 95
729 95
730 95
731 95
732 95
733 96
734 96
735 96
736 96
737 96
738 97
739 97
740 97
741 97
742 97
743 97
744 98
745 98
746 98
747 98
748 98
749 99
750 99
751 99
752 99
753 99
754 99
755 99
756 100
757 100
758 100
759 100
760 100
761 100
762 100
763 100
764 100
765 101
766 101
767 101
768 101
769 101
770 102
771 102
772 102
773 102
774 103
775 103
776 103
777 103
778 103
779 103
780 104
781 104
782 104
783 104
784 104
785 104
786 104
787 105
788 105
789 105
790 105
791 105
792 105
793 106
794 106
795 106
796 107
797 107
798 107
799 107
800 107
801 107
802 107
803 108
804 108
805 108
806 109
807 109
808 109
809 109
810 109
811 109
812 110
813 110
814 110
815 110
816 110
817 110
818 110
819 111
820 111
821 111
822 111
823 111
824 111
825 111
826 111
827 112
828 112
829 112
830 112
831 112
832 112
833 112
834 112
835 112
836 112
837 112
838 113
839 113
840 113
841 113
842 113
843 113
844 113
845 113
846 113
847 113
848 114
849 114
850 114
851 114
852 115
853 115
854 115
855 115
856 115
857 116
858 116
859 116
860 116
861 116
862 116
863 116
864 116
865 116
866 117
867 117
868 117
869 117
870 117
871 117
872 117
873 118
874 118
875 118
876 118
877 118
878 118
879 118
880 119
881 119
882 119
883 119
884 119
885 119
886 119
887 120
888 120
889 120
890 120
891 120
892 120
893 120
894 120
895 120
896 120
897 121
898 121
899 121
900 121
901 121
902 121
903 122
904 122
905 122
906 122
907 122
908 122
909 122
910 123
911 123
912 123
913 123
914 123
915 123
916 123
917 123
918 124
919 124
920 124
921 124
922 124
923 124
924 124
925 124
926 124
927 124
928 124
929 124
930 124
931 125
932 125
933 125
934 125
935 125
936 125
937 126
938 126
939 126
940 126
941 127
942 127
943 127
944 127
945 127
946 127
947 128
948 128
949 128
950 128
951 128
952 128
953 129
954 129
955 129
956 129
957 129
958 129
959 130
960 130
961 130
962 130
963 130
964 130
965 131
966 131
967 131
968 131
969 132
970 132
971 133
972 133
973 133
974 133
975 133
976 133
977 133
978 133
979 134
980 134
981 134
982 134
983 134
984 134
985 134
986 134
987 134
988 134
989 135
990 135
991 135
992 135
993 135
994 136
995 136
996 136
997 136
998 137
999 137
1000 137
1001 137
1002 137
1003 138
1004 138
1005 138
1006 138
1007 138
1008 139
1009 139
1010 139
1011 140
1012 140
1013 140
1014 140
1015 140
1016 140
1017 141
1018 141
1019 141
1020 142
1021 142
1022 142
1023 142
1024 143
1025 143
1026 143
1027 143
1028 144
1029 144
1030 144
1031 144
1032 144
1033 144
1034 145
1035 145
1036 145
1037 146
1038 146
1039 146
1040 146
1041 146
1042 147
1043 147
1044 147
1045 147
1046 147
1047 147
1048 147
1049 147
1050 147
1051 147
1052 147
1053 147
1054 148
1055 148
1056 148
1057 149
1058 149
1059 149
1060 150
1061 150
1062 150
1063 150
1064 150
1065 151
1066 151
1067 151
1068 151
1069 151
1070 151
1071 151
1072 152
1073 152
1074 152
1075 152
1076 153
1077 154
1078 154
1079 155
1080 155
1081 155
1082 155
1083 155
1084 155
1085 156
1086 156
1087 156
1088 156
1089 156
1090 156
1091 156
1092 156
1093 157
1094 157
1095 157
1096 157
1097 157
1098 157
1099 157
1100 157
1101 157
1102 157
1103 157
1104 158
1105 158
1106 158
1107 158
1108 158
1109 158
1110 159
1111 159
1112 159
1113 159
1114 159
1115 159
1116 159
1117 160
1118 160
1119 160
1120 160
1121 160
1122 161
1123 161
1124 161
1125 161
1126 161
1127 161
1128 161
1129 162
1130 162
1131 162
1132 162
1133 162
1134 162
1135 162
1136 162
1137 162
1138 162
1139 162
1140 162
1141 163
1142 163
1143 163
1144 163
1145 163
1146 164
1147 164
1148 164
1149 164
1150 164
1151 164
1152 165
1153 165
1154 165
1155 165
1156 165
1157 166
1158 166
1159 166
1160 166
1161 166
1162 166
1163 167
1164 167
1165 167
1166 167
1167 167
1168 167
1169 168
1170 168
1171 168
1172 168
1173 169
1174 169
1175 169
1176 170
1177 170
1178 170
1179 170
1180 170
1181 170
1182 171
1183 171
1184 171
1185 171
1186 171
1187 171
1188 171
1189 171
1190 171
1191 172
1192 172
1193 172
1194 172
1195 172
1196 172
1197 173
1198 173
1199 173
1200 174
1201 174
1202 174
1203 174
1204 174
1205 174
1206 174
1207 175
1208 175
1209 175
1210 175
1211 175
1212 175
1213 175
1214 175
1215 175
1216 175
1217 176
1218 176
1219 176
1220 176
1221 176
1222 176
1223 177
1224 177
1225 177
1226 177
1227 177
1228 177
1229 178
1230 178
1231 178
1232 178
1233 178
1234 179
1235 179
1236 179
1237 179
1238 179
1239 179
1240 179
1241 179
1242 179
1243 180
1244 180
1245 180
1246 180
1247 180
1248 180
1249 181
1250 181
1251 182
1252 182
1253 182
1254 182
1255 182
1256 183
1257 183
1258 183
1259 183
1260 183
1261 183
1262 183
1263 184
1264 184
1265 184
1266 184
1267 184
1268 184
1269 185
1270 185
1271 185
1272 185
1273 185
1274 185
1275 185
1276 186
1277 186
1278 186
1279 186
1280 186
1281 186
1282 187
1283 187
1284 187
1285 187
1286 187
1287 187
1288 187
1289 188
1290 188
1291 188
1292 188
1293 188
1294 188
1295 188
1296 188
1297 189
1298 189
1299 189
1300 189
1301 189
1302 190
1303 190
1304 190
1305 190
1306 190
1307 190
1308 190
1309 190
1310 190
1311 191
1312 191
1313 191
1314 191
1315 191
1316 192
1317 192
1318 192
1319 192
1320 192
1321 192
1322 192
1323 192
1324 193
1325 193
1326 193
1327 193
1328 193
1329 193
1330 194
1331 194
1332 194
1333 194
1334 194
1335 194
1336 194
1337 194
1338 194
1339 195
1340 195
1341 195
1342 195
1343 195
1344 195
1345 195
1346 195
1347 196
1348 196
1349 196
1350 196
1351 196
1352 196
1353 196
1354 196
1355 196
1356 196
1357 197
1358 197
1359 197
1360 197
1361 197
1362 197
1363 197
1364 197
1365 198
1366 198
1367 198
1368 198
1369 198
1370 198
1371 198
1372 198
1373 198
1374 199
1375 199
1376 199
1377 199
1378 199
1379 199
1380 199
1381 199
1382 200
1383 200
1384 200
1385 200
1386 200
1387 200
1388 200
1389 200
1390 201
1391 201
1392 201
1393 201
1394 201
1395 201
1396 202
1397 202
1398 202
1399 202
1400 202
1401 202
1402 202
1403 203
1404 203
1405 203
1406 203
1407 203
1408 203
1409 203
1410 203
1411 203
1412 203
1413 203
1414 203
1415 203
1416 204
1417 204
1418 204
1419 204
1420 204
1421 204
1422 204
1423 205
1424 205
1425 205
1426 205
1427 205
1428 206
1429 206
1430 206
1431 206
1432 206
1433 207
1434 207
1435 207
1436 207
1437 207
1438 207
1439 207
1440 207
1441 207
1442 208
1443 208
1444 208
1445 208
1446 208
1447 208
1448 209
1449 209
1450 209
1451 209
1452 209
1453 209
1454 209
1455 209
1456 209
1457 210
1458 210
1459 210
1460 210
1461 210
1462 210
1463 210
1464 210
1465 210
1466 210
1467 211
1468 211
1469 211
1470 211
1471 211
1472 211
1473 211
1474 211
1475 211
1476 212
1477 212
1478 212
1479 212
1480 212
1481 213
1482 213
1483 213
1484 213
1485 213
1486 213
1487 213
1488 214
1489 214
1490 214
1491 214
1492 214
1493 214
1494 214
1495 214
1496 214
1497 214
1498 214
1499 214
1500 215
1501 215
1502 215
1503 215
1504 215
1505 215
1506 216
1507 216
1508 216
1509 216
1510 216
1511 216
1512 216
1513 217
1514 217
1515 217
1516 217
1517 218
1518 218
1519 218
1520 218
1521 218
1522 218
1523 218
1524 219
1525 219
1526 219
1527 219
1528 220
1529 220
1530 220
1531 220
1532 220
1533 220
1534 220
1535 220
1536 220
1537 221
1538 221
1539 221
1540 221
1541 221
1542 221
1543 221
1544 221
1545 221
1546 221
1547 221
1548 221
1549 221
1550 222
1551 222
1552 222
1553 222
1554 222
1555 222
1556 222
1557 222
1558 222
1559 222
1560 223
1561 223
1562 223
1563 223
1564 223
1565 223
1566 223
1567 224
1568 224
1569 224
1570 224
1571 225
1572 225
1573 225
1574 225
1575 225
1576 225
1577 225
1578 225
1579 225
1580 225
1581 225
1582 225
1583 225
1584 225
1585 225
1586 225
1587 226
1588 226
1589 226
1590 226
1591 226
1592 227
1593 227
1594 227
1595 227
1596 227
1597 227
1598 227
1599 228
1600 228
1601 228
1602 228
1603 228
1604 228
1605 228
1606 228
1607 228
1608 229
1609 229
1610 229
1611 229
1612 229
1613 229
1614 230
1615 230
1616 230
1617 230
1618 230
1619 230
1620 230
1621 230
1622 231
1623 231
1624 231
1625 231
1626 231
1627 232
1628 232
1629 232
1630 232
1631 232
1632 232
1633 232
1634 232
1635 233
1636 233
1637 233
1638 233
1639 233
1640 233
1641 233
1642 233
1643 233
1644 233
1645 233
1646 234
1647 234
1648 234
1649 234
1650 234
1651 234
1652 234
1653 234
1654 234
1655 234
1656 234
1657 235
1658 235
1659 235
1660 235
1661 236
1662 236
1663 236
1664 236
1665 237
1666 237
1667 237
1668 238
1669 238
1670 238
1671 238
1672 238
1673 238
1674 239
1675 239
1676 239
1677 239
1678 239
1679 239
1680 240
1681 240
1682 240
1683 240
1684 240
1685 240
1686 240
1687 240
1688 240
1689 240
1690 240
1691 240
1692 240
1693 240
1694 241
1695 241
1696 241
1697 241
1698 241
1699 241
1700 241
1701 241
1702 241
1703 241
1704 241
1705 242
1706 242
1707 242
1708 242
1709 242
1710 242
1711 243
1712 243
1713 243
1714 243
1715 243
1716 243
1717 243
1718 243
1719 243
1720 243
1721 244
1722 244
1723 244
1724 244
1725 244
1726 244
1727 245
1728 245
1729 245
1730 245
1731 245
1732 246
1733 246
1734 246
1735 246
1736 246
1737 246
1738 247
1739 247
1740 247
1741 247
1742 247
1743 248
1744 248
1745 248
1746 248
1747 248
1748 248
1749 248
1750 248
1751 249
1752 249
1753 249
1754 249
1755 249
1756 249
1757 249
1758 249
1759 249
1760 249
1761 250
1762 250
1763 250
1764 250
1765 250
1766 251
1767 251
1768 251
1769 251
1770 251
1771 251
1772 251
1773 252
1774 252
1775 252
1776 252
1777 252
1778 252
1779 252
1780 252
1781 253
1782 253
1783 253
1784 254
1785 254
1786 254
1787 254
1788 254
1789 255
1790 255
1791 255
1792 255
1793 256
1794 256
1795 256
1796 256
1797 256
1798 257
1799 257
1800 257
1801 257
1802 257
1803 257
1804 258
1805 258
1806 258
1807 258
1808 258
1809 258
1810 258
1811 258
1812 259
1813 259
1814 259
1815 259
1816 260
1817 260
1818 260
1819 260
1820 260
1821 260
1822 260
1823 260
1824 260
1825 260
1826 261
1827 261
1828 261
1829 261
1830 261
1831 262
1832 262
1833 262
1834 262
1835 262
1836 262
1837 262
1838 263
1839 263
1840 263
1841 263
1842 263
1843 263
1844 264
1845 264
1846 264
1847 264
1848 265
1849 265
1850 265
1851 265
1852 265
1853 265
1854 265
1855 265
1856 265
1857 266
1858 266
1859 266
1860 266
1861 266
1862 266
1863 266
1864 266
1865 266
1866 267
1867 267
1868 267
1869 267
1870 267
1871 267
1872 267
1873 268
1874 268
1875 268
1876 268
1877 268
1878 268
1879 268
1880 268
1881 269
1882 269
1883 269
1884 269
1885 269
1886 269
1887 269
1888 269
1889 269
1890 270
1891 270
1892 270
1893 270
1894 270
1895 270
1896 270
1897 271
1898 271
1899 271
1900 271
1901 271
1902 271
1903 271
1904 271
1905 271
1906 271
1907 271
1908 272
1909 272
1910 272
1911 272
1912 272
1913 272
1914 273
1915 273
1916 273
1917 273
1918 274
1919 274
1920 274
1921 274
1922 274
1923 274
1924 274
1925 274
1926 274
1927 274
1928 274
1929 274
1930 275
1931 275
1932 275
1933 275
1934 275
1935 275
1936 276
1937 276
1938 276
1939 276
1940 276
1941 276
1942 277
1943 277
1944 277
1945 277
1946 277
1947 277
1948 277
1949 278
1950 278
1951 278
1952 278
1953 278
1954 278
1955 279
1956 279
1957 279
1958 279
1959 279
1960 279
1961 280
1962 280
1963 280
1964 280
1965 280
1966 280
1967 280
1968 280
1969 281
1970 281
1971 281
1972 281
1973 281
1974 281
1975 281
1976 281
1977 281
1978 281
1979 281
1980 281
1981 282
1982 282
1983 282
1984 282
1985 282
1986 282
1987 283
1988 283
1989 283
1990 283
1991 283
1992 283
1993 283
1994 284
1995 284
1996 284
1997 284
1998 284
1999 284
2000 285
2001 285
2002 285
2003 285
2004 285
2005 286
2006 286
2007 286
2008 286
2009 287
2010 287
2011 287
2012 287
2013 288
2014 288
2015 288
2016 288
2017 288
2018 288
2019 288
2020 288
2021 288
2022 289
2023 289
2024 289
2025 289
2026 289
2027 289
2028 289
2029 289
2030 289
2031 289
2032 290
2033 290
2034 290
2035 290
2036 291
2037 291
2038 291
2039 291
2040 291
2041 291
2042 291
2043 291
2044 291
2045 291
2046 291
2047 291
2048 292
2049 292
2050 292
2051 293
2052 293
2053 293
2054 293
2055 293
2056 293
2057 293
2058 293
2059 293
2060 293
2061 294
2062 294
2063 294
2064 294
2065 294
2066 295
2067 295
2068 295
2069 295
2070 296
2071 296
2072 296
2073 296
2074 296
2075 297
2076 297
2077 297
2078 297
2079 297
2080 297
2081 297
2082 298
2083 298
2084 298
2085 298
2086 298
2087 298
2088 298
2089 298
2090 298
2091 299
2092 299
2093 299
2094 299
2095 299
2096 299
2097 300
2098 300
2099 300
2100 300
2101 300
2102 300
2103 300
2104 301
2105 301
2106 301
2107 301
2108 301
2109 301
2110 301
2111 302
2112 302
2113 302
2114 303
2115 303
2116 303
2117 303
2118 303
2119 303
2120 303
2121 303
2122 303
2123 303
2124 303
2125 304
2126 305
2127 305
2128 305
2129 305
2130 305
2131 306
2132 306
2133 306
2134 307
2135 307
2136 307
2137 307
2138 307
2139 307
2140 307
2141 308
2142 308
2143 308
2144 308
2145 308
2146 309
2147 309
2148 309
2149 309
2150 309
2151 309
2152 309
2153 309
2154 309
2155 309
2156 310
2157 310
2158 310
2159 310
2160 311
2161 311
2162 311
2163 311
2164 311
2165 311
2166 312
2167 312
2168 312
2169 312
2170 312
2171 312
2172 312
2173 313
2174 313
2175 313
2176 313
2177 313
2178 313
2179 313
2180 313
2181 313
2182 313
2183 314
2184 314
2185 314
2186 314
2187 314
2188 314
2189 315
2190 316
2191 316
2192 316
2193 316
2194 316
2195 316
2196 316
2197 316
2198 317
2199 317
2200 318
2201 318
2202 318
2203 318
2204 318
2205 318
2206 319
2207 319
2208 319
2209 319
2210 319
2211 319
2212 319
2213 319
2214 320
2215 320
2216 320
2217 320
2218 320
2219 320
2220 320
2221 320
2222 320
2223 321
2224 321
2225 321
2226 321
2227 321
2228 321
2229 322
2230 322
2231 322
2232 322
2233 322
2234 322
2235 322
2236 322
2237 323
2238 323
2239 324
2240 324
2241 324
2242 324
2243 324
2244 324
2245 324
2246 325
2247 325
2248 325
2249 325
2250 325
2251 325
2252 326
2253 326
2254 326
2255 326
2256 326
2257 326
2258 326
2259 326
2260 326
2261 326
2262 326
2263 326
2264 326
2265 326
2266 326
2267 326
2268 326
2269 326
2270 326
2271 327
2272 327
2273 328
2274 328
2275 328
2276 328
2277 328
2278 328
2279 328
2280 328
2281 328
2282 328
2283 328
2284 328
2285 329
2286 329
2287 329
2288 329
2289 329
2290 329
2291 329
2292 329
2293 329
2294 329
2295 329
2296 329
2297 329
2298 329
2299 329
2300 329
2301 329
2302 330
2303 330
2304 331
2305 331
2306 331
2307 331
2308 331
2309 332
2310 332
2311 332
2312 332
2313 332
2314 332
2315 332
2316 332
2317 333
2318 333
2319 333
2320 333
2321 333
2322 333
2323 333
2324 333
2325 334
2326 334
2327 334
2328 334
2329 334
2330 334
2331 335
2332 335
2333 335
2334 335
2335 335
2336 335
2337 335
2338 335
2339 335
2340 335
2341 335
2342 335
2343 335
2344 335
2345 335
2346 335
2347 335
2348 335
2349 335
2350 336
2351 336
2352 336
2353 336
2354 336
2355 336
2356 336
2357 336
2358 336
2359 336
2360 337
2361 337
2362 337
2363 337
2364 337
2365 337
2366 338
2367 338
2368 338
2369 338
2370 339
2371 339
2372 339
2373 340
2374 340
2375 340
2376 340
2377 340
2378 340
2379 340
2380 340
2381 340
2382 340
2383 340
2384 340
2385 340
2386 341
2387 341
2388 341
2389 341
2390 341
2391 341
2392 341
2393 341
2394 341
2395 341
2396 341
2397 342
2398 342
2399 342
2400 342
2401 342
2402 342
2403 342
2404 343
2405 343
2406 343
2407 343
2408 343
2409 344
2410 344
2411 344
2412 344
2413 344
2414 344
2415 344
2416 344
2417 344
2418 344
2419 344
2420 344
2421 344
2422 344
2423 344
2424 344
2425 344
2426 345
2427 345
2428 345
2429 345
2430 345
2431 345
2432 345
2433 345
2434 346
2435 346
2436 346
2437 346
2438 346
2439 346
2440 346
2441 346
2442 346
2443 347
2444 347
2445 347
2446 347
2447 347
2448 347
2449 347
2450 347
2451 347
2452 347
2453 347
2454 347
2455 347
2456 348
2457 348
2458 348
2459 348
2460 348
2461 348
2462 348
2463 349
2464 349
2465 349
2466 349
2467 349
2468 349
2469 349
2470 349
2471 349
2472 350
2473 350
2474 350
2475 350
2476 351
2477 351
2478 351
2479 351
2480 352
2481 352
2482 352
2483 352
2484 353
2485 353
2486 353
2487 353
2488 353
2489 353
2490 354
2491 354
2492 354
2493 354
2494 354
2495 354
2496 354
2497 355
2498 355
2499 355
2500 355
2501 355
2502 355
2503 355
2504 355
2505 356
2506 356
2507 356
2508 356
2509 356
2510 356
2511 356
2512 356
2513 356
2514 356
2515 357
2516 357
2517 357
2518 357
2519 357
2520 357
2521 358
2522 358
2523 358
2524 358
2525 359
2526 359
2527 359
2528 359
2529 359
2530 359
2531 359
2532 360
2533 360
2534 360
2535 360
2536 360
2537 360
2538 360
2539 360
2540 360
2541 360
2542 361
2543 361
2544 361
2545 362
2546 362
2547 362
2548 362
2549 363
2550 363
2551 363
2552 363
2553 363
2554 363
2555 363
2556 363
2557 363
2558 363
2559 364
2560 364
2561 364
2562 364
2563 364
2564 364
2565 365
2566 365
2567 365
2568 365
2569 365
2570 366
2571 366
2572 366
2573 366
2574 366
2575 366
2576 366
2577 366
2578 367
2579 367
2580 367
2581 367
2582 367
2583 367
2584 367
2585 368
2586 368
2587 368
2588 368
2589 368
2590 368
2591 369
2592 369
2593 369
2594 369
2595 369
2596 369
2597 369
2598 369
2599 370
2600 370
2601 370
2602 371
2603 371
2604 371
2605 371
2606 371
2607 371
2608 371
2609 371
2610 371
2611 371
2612 371
2613 372
2614 372
2615 372
2616 372
2617 372
2618 373
2619 373
2620 373
2621 373
2622 373
2623 374
2624 374
2625 374
2626 374
2627 374
2628 374
2629 374
2630 374
2631 374
2632 374
2633 375
2634 375
2635 375
2636 375
2637 375
2638 376
2639 376
2640 376
2641 376
2642 377
2643 377
2644 377
2645 377
2646 377
2647 378
2648 378
2649 378
2650 378
2651 378
2652 378
2653 378
2654 378
2655 379
2656 379
2657 379
2658 379
2659 379
2660 379
2661 379
2662 380
2663 380
2664 380
2665 380
2666 380
2667 381
2668 381
2669 381
2670 381
2671 381
2672 381
2673 381
2674 381
2675 381
2676 381
2677 381
2678 382
2679 382
2680 382
2681 382
2682 382
2683 382
2684 383
2685 383
2686 383
2687 383
2688 383
2689 383
2690 383
2691 383
2692 383
2693 383
2694 383
2695 383
2696 383
2697 383
2698 383
2699 384
2700 384
2701 384
2702 384
2703 384
2704 384
2705 384
2706 384
2707 384
2708 385
2709 385
2710 385
2711 385
2712 386
2713 386
2714 386
2715 386
2716 386
2717 386
2718 386
2719 386
2720 387
2721 387
2722 387
2723 387
2724 387
2725 387
2726 387
2727 387
2728 387
2729 387
2730 388
2731 388
2732 388
2733 388
2734 388
2735 388
2736 388
2737 388
2738 388
2739 388
2740 388
2741 388
2742 388
2743 388
2744 388
2745 389
2746 389
2747 389
2748 389
2749 389
2750 389
2751 389
2752 389
2753 389
2754 390
2755 390
2756 390
2757 390
2758 390
2759 390
2760 390
2761 390
2762 390
2763 390
2764 390
2765 391
2766 391
2767 391
2768 391
2769 391
2770 392
2771 392
2772 392
2773 392
2774 392
2775 392
2776 392
2777 393
2778 393
2779 393
2780 393
2781 394
2782 394
2783 394
2784 394
2785 394
2786 394
2787 394
2788 394
2789 394
2790 395
2791 395
2792 395
2793 395
2794 395
2795 395
2796 395
2797 396
2798 396
2799 396
2800 396
2801 396
2802 396
2803 396
2804 396
2805 396
2806 396
2807 396
2808 396
2809 396
2810 396
2811 396
2812 397
2813 397
2814 397
2815 397
2816 397
2817 397
2818 397
2819 398
2820 398
2821 398
2822 398
2823 398
2824 398
2825 398
2826 398
2827 398
2828 398
2829 398
2830 398
2831 399
2832 399
2833 399
2834 399
2835 399
2836 399
2837 399
2838 399
2839 400
2840 400
2841 400
2842 400
2843 400
2844 400
2845 400
2846 400
2847 400
2848 400
2849 401
2850 401
2851 401
2852 401
2853 401
2854 401
2855 401
2856 401
2857 401
2858 401
2859 401
2860 401
2861 402
2862 402
2863 402
2864 402
2865 402
2866 402
2867 402
2868 402
2869 402
2870 402
2871 402
2872 403
2873 403
2874 403
2875 403
2876 403
2877 403
2878 403
2879 403
2880 404
2881 404
2882 404
2883 404
2884 405
2885 405
2886 405
2887 405
2888 405
2889 405
2890 405
2891 405
2892 405
2893 405
2894 406
2895 406
2896 406
2897 406
2898 406
2899 406
2900 406
2901 406
2902 406
2903 406
2904 406
2905 406
2906 406
2907 407
2908 407
2909 407
2910 407
2911 407
2912 407
2913 407
2914 407
2915 407
2916 408
2917 408
2918 408
2919 408
2920 408
2921 408
2922 408
2923 408
2924 409
2925 409
2926 409
2927 409
2928 409
2929 410
2930 410
2931 410
2932 410
2933 410
2934 410
2935 411
2936 411
2937 411
2938 411
2939 411
2940 411
2941 411
2942 411
2943 411
2944 411
2945 412
2946 412
2947 412
2948 412
2949 412
2950 413
2951 413
2952 413
2953 413
2954 413
2955 413
2956 413
2957 413
2958 414
2959 414
2960 414
2961 414
2962 414
2963 414
2964 414
2965 414
2966 414
2967 415
2968 415
2969 415
2970 415
2971 415
2972 416
2973 416
2974 416
2975 416
2976 416
2977 416
2978 416
2979 417
2980 417
2981 417
2982 417
2983 417
2984 418
2985 418
2986 418
2987 418
2988 418
2989 418
2990 418
2991 418
2992 418
2993 418
2994 418
2995 418
2996 418
2997 418
2998 419
2999 419
3000 419
3001 419
3002 419
3003 420
3004 420
3005 420
3006 420
3007 420
3008 420
3009 420
3010 420
3011 420
3012 420
3013 421
3014 421
3015 421
3016 421
3017 421
3018 421
3019 421
3020 421
3021 422
3022 422
3023 422
3024 422
3025 422
3026 422
3027 422
3028 422
3029 422
3030 422
3031 422
3032 422
3033 422
3034 422
3035 422
3036 422
3037 422
3038 423
3039 423
3040 423
3041 423
3042 423
3043 423
3044 424
3045 424
3046 424
3047 424
3048 425
3049 425
3050 425
3051 425
3052 425
3053 425
3054 425
3055 425
3056 425
3057 426
3058 426
3059 426
3060 426
3061 426
3062 426
3063 427
3064 427
3065 427
3066 428
3067 428
3068 428
3069 428
3070 428
3071 428
3072 428
3073 428
3074 429
3075 429
3076 429
3077 429
3078 430
3079 430
3080 430
3081 430
3082 430
3083 430
3084 430
3085 430
3086 430
3087 430
3088 430
3089 431
3090 431
3091 431
3092 431
3093 431
3094 432
3095 432
3096 432
3097 432
3098 432
3099 433
3100 433
3101 433
3102 433
3103 433
3104 434
3105 434
3106 434
3107 434
3108 434
3109 434
3110 434
3111 434
3112 434
3113 434
3114 435
3115 435
3116 435
3117 435
3118 435
3119 436
3120 436
3121 436
3122 436
3123 436
3124 437
3125 437
3126 437
3127 437
3128 437
3129 437
3130 437
3131 437
3132 437
3133 437
3134 438
3135 438
3136 438
3137 438
3138 438
3139 438
3140 438
3141 438
3142 439
3143 439
3144 439
3145 439
3146 439
3147 439
3148 439
3149 439
3150 439
3151 439
3152 439
3153 439
3154 439
3155 439
3156 440
3157 440
3158 440
3159 440
3160 440
3161 440
3162 441
3163 441
3164 441
3165 441
3166 441
3167 441
3168 441
3169 441
3170 442
3171 442
3172 442
3173 442
3174 443
3175 443
3176 443
3177 443
3178 443
3179 443
3180 443
3181 443
3182 444
3183 444
3184 444
3185 444
3186 444
3187 444
3188 444
3189 444
3190 445
3191 445
3192 445
3193 445
3194 445
3195 445
3196 445
3197 446
3198 446
3199 446
3200 447
3201 447
3202 447
3203 447
3204 447
3205 448
3206 448
3207 448
3208 448
3209 448
3210 448
3211 448
3212 448
3213 448
3214 449
3215 449
3216 449
3217 449
3218 449
3219 449
3220 449
3221 449
3222 449
3223 450
3224 450
3225 450
3226 450
3227 451
3228 451
3229 451
3230 451
3231 451
3232 451
3233 451
3234 452
3235 452
3236 452
3237 452
3238 452
3239 452
3240 452
3241 452
3242 452
3243 452
3244 452
3245 452
3246 452
3247 453
3248 453
3249 453
3250 453
3251 453
3252 454
3253 454
3254 454
3255 454
3256 454
3257 454
3258 454
3259 455
3260 455
3261 455
3262 455
3263 455
3264 455
3265 455
3266 456
3267 456
3268 456
3269 456
3270 456
3271 456
3272 456
3273 456
3274 456
3275 456
3276 456
3277 456
3278 457
3279 457
3280 457
3281 457
3282 457
3283 458
3284 458
3285 458
3286 458
3287 458
3288 458
3289 458
3290 458
3291 458
3292 458
3293 458
3294 458
3295 458
3296 458
3297 459
3298 459
3299 459
3300 459
3301 459
3302 459
3303 459
3304 459
3305 459
3306 459
3307 460
3308 460
3309 460
3310 460
3311 460
3312 460
3313 460
3314 461
3315 461
3316 461
3317 461
3318 461
3319 461
3320 461
3321 461
3322 462
3323 462
3324 462
3325 462
3326 462
3327 462
3328 462
3329 463
3330 463
3331 463
3332 463
3333 463
3334 463
3335 463
3336 464
3337 464
3338 464
3339 464
3340 464
3341 464
3342 464
3343 465
3344 465
3345 465
3346 465
3347 465
3348 465
3349 465
3350 465
3351 465
3352 465
3353 466
3354 466
3355 466
3356 466
3357 466
3358 466
3359 467
3360 467
3361 467
3362 467
3363 467
3364 467
3365 468
3366 468
3367 468
3368 468
3369 468
3370 468
3371 468
3372 469
3373 469
3374 469
3375 469
3376 469
3377 469
3378 470
3379 470
3380 471
3381 471
3382 471
3383 471
3384 471
3385 471
3386 471
3387 471
3388 471
3389 471
3390 471
3391 471
3392 471
3393 472
3394 472
3395 472
3396 472
3397 472
3398 472
3399 472
3400 473
3401 473
3402 473
3403 473
3404 473
3405 473
3406 474
3407 474
3408 474
3409 474
3410 474
3411 474
3412 474
3413 474
3414 474
3415 475
3416 475
3417 475
3418 475
3419 475
3420 475
3421 475
3422 475
3423 476
3424 476
3425 476
3426 476
3427 476
3428 476
3429 476
3430 477
3431 477
3432 477
3433 477
3434 477
3435 477
3436 478
3437 478
3438 478
3439 478
3440 478
3441 478
3442 478
3443 479
3444 479
3445 479
3446 479
3447 479
3448 479
3449 479
3450 479
3451 479
3452 479
3453 480
3454 480
3455 480
3456 480
3457 480
3458 480
3459 480
3460 481
3461 481
3462 481
3463 481
3464 481
3465 481
3466 481
3467 482
3468 482
3469 482
3470 482
3471 482
3472 482
3473 482
3474 482
3475 482
3476 482
3477 483
3478 483
3479 483
3480 483
3481 483
3482 484
3483 484
3484 484
3485 484
3486 484
3487 484
3488 484
3489 485
3490 485
3491 485
3492 485
3493 485
3494 485
3495 486
3496 486
3497 486
3498 486
3499 486
3500 486
3501 486
3502 486
3503 486
3504 487
3505 487
3506 487
3507 487
3508 487
3509 487
3510 487
3511 487
3512 487
3513 487
3514 487
3515 488
3516 488
3517 488
3518 488
3519 488
3520 488
3521 488
3522 488
3523 489
3524 489
3525 490
3526 490
3527 490
3528 490
3529 490
3530 490
3531 490
3532 490
3533 490
3534 491
3535 491
3536 491
3537 491
3538 491
3539 491
3540 491
3541 492
3542 492
3543 492
3544 492
3545 492
3546 492
3547 492
3548 492
3549 492
3550 492
3551 492
3552 492
3553 493
3554 493
3555 493
3556 493
3557 493
3558 494
3559 494
3560 494
3561 494
3562 494
3563 494
3564 494
3565 494
3566 495
3567 495
3568 495
3569 496
3570 496
3571 496
3572 496
3573 496
3574 496
3575 497
3576 497
3577 497
3578 497
3579 497
3580 497
3581 497
3582 498
3583 498
3584 498
3585 499
3586 499
3587 499
3588 499
3589 499
3590 499
3591 499
3592 499
3593 500
3594 500
3595 500
3596 500
3597 500
3598 500
3599 500
3600 500
3601 500
3602 500
3603 500
3604 500
3605 500
3606 500
3607 501
3608 501
3609 501
3610 501
3611 501
3612 501
3613 501
3614 501
3615 502
3616 502
3617 502
3618 502
3619 502
3620 502
3621 502
3622 502
3623 502
3624 502
3625 503
3626 503
3627 503
3628 503
3629 503
3630 503
3631 503
3632 504
3633 504
3634 504
3635 504
3636 504
3637 504
3638 505
3639 505
3640 505
3641 505
3642 505
3643 506
3644 506
3645 506
3646 506
3647 506
3648 506
3649 506
3650 506
3651 506
3652 506
3653 506
3654 506
3655 507
3656 507
3657 507
3658 507
3659 507
3660 507
3661 507
3662 507
3663 508
3664 508
3665 508
3666 508
3667 508
3668 509
3669 509
3670 509
3671 509
3672 509
3673 509
3674 509
3675 510
3676 510
3677 510
3678 510
3679 510
3680 510
3681 510
3682 510
3683 510
3684 510
3685 510
3686 510
3687 510
3688 510
3689 510
3690 511
3691 511
3692 511
3693 511
3694 511
3695 511
3696 511
3697 511
3698 511
3699 511
3700 512
3701 512
3702 512
3703 512
3704 512
3705 512
3706 512
3707 512
3708 513
3709 513
3710 513
3711 513
3712 513
3713 514
3714 514
3715 515
3716 515
3717 515
3718 515
3719 515
3720 515
3721 515
3722 516
3723 516
3724 516
3725 516
3726 516
3727 516
3728 517
3729 517
3730 517
3731 517
3732 517
3733 517
3734 517
3735 517
3736 518
3737 518
3738 518
3739 518
3740 518
3741 518
3742 518
3743 519
3744 519
3745 519
3746 519
3747 519
3748 519
3749 519
3750 519
3751 519
3752 520
3753 520
3754 520
3755 520
3756 520
3757 520
3758 521
3759 521
3760 521
3761 521
3762 522
3763 522
3764 522
3765 522
3766 522
3767 522
3768 522
3769 523
3770 523
3771 523
3772 523
3773 523
3774 523
3775 523
3776 523
3777 523
3778 524
3779 524
3780 524
3781 524
3782 524
3783 525
3784 525
3785 525
3786 525
3787 525
3788 525
3789 526
3790 526
3791 526
3792 526
3793 526
3794 526
3795 526
3796 526
3797 526
3798 526
3799 526
3800 527
3801 527
3802 527
3803 527
3804 528
3805 528
3806 528
3807 528
3808 528
3809 528
3810 528
3811 528
3812 528
3813 529
3814 529
3815 529
3816 529
3817 530
3818 530
3819 530
3820 530
3821 530
3822 531
3823 531
3824 531
3825 531
3826 531
3827 532
3828 532
3829 532
3830 532
3831 532
3832 532
3833 532
3834 532
3835 533
3836 533
3837 533
3838 533
3839 533
3840 534
3841 534
3842 534
3843 534
3844 534
3845 534
3846 535
3847 535
3848 535
3849 535
3850 535
3851 535
3852 536
3853 536
3854 536
3855 536
3856 536
3857 536
3858 536
3859 536
3860 536
3861 536
3862 537
3863 537
3864 537
3865 537
3866 538
3867 538
3868 538
3869 538
3870 538
3871 538
3872 538
3873 538
3874 538
3875 538
3876 539
3877 539
3878 539
3879 539
3880 539
3881 539
3882 540
3883 540
3884 540
3885 540
3886 540
3887 540
3888 540
3889 540
3890 541
3891 541
3892 541
3893 541
3894 541
3895 542
3896 542
3897 542
3898 542
3899 542
3900 543
3901 543
3902 543
3903 543
3904 543
3905 543
3906 543
3907 543
3908 544
3909 544
3910 544
3911 544
3912 544
3913 544
3914 544
3915 545
3916 545
3917 545
3918 545
3919 545
3920 546
3921 547
3922 547
3923 547
3924 547
3925 547
3926 548
3927 548
3928 548
3929 548
3930 549
3931 549
3932 549
3933 549
3934 549
3935 550
3936 550
3937 550
3938 550
3939 550
3940 550
3941 550
3942 550
3943 550
3944 551
3945 551
3946 551
3947 551
3948 551
3949 552
3950 552
3951 552
3952 552
3953 552
3954 553
3955 553
3956 553
3957 553
3958 553
3959 553
3960 554
3961 554
3962 554
3963 554
3964 554
3965 555
3966 555
3967 555
3968 555
3969 555
3970 555
3971 556
3972 556
3973 556
3974 556
3975 556
3976 556
3977 557
3978 557
3979 557
3980 557
3981 557
3982 557
3983 557
3984 558
3985 558
3986 558
3987 558
3988 559
3989 559
3990 559
3991 559
3992 560
3993 560
3994 560
3995 560
3996 560
3997 560
3998 560
3999 560
4000 561
4001 561
4002 561
4003 561
4004 562
4005 562
4006 562
4007 562
4008 562
4009 562
4010 562
4011 562
4012 562
4013 562
4014 563
4015 563
4016 563
4017 563
4018 563
4019 563
4020 563
4021 563
4022 563
4023 563
4024 563
4025 563
4026 563
4027 563
4028 563
4029 564
4030 564
4031 564
4032 564
4033 565
4034 565
4035 565
4036 565
4037 565
4038 565
4039 566
4040 566
4041 566
4042 566
4043 567
4044 567
4045 567
4046 567
4047 567
4048 567
4049 568
4050 568
4051 568
4052 568
4053 568
4054 568
4055 568
4056 569
4057 569
4058 569
4059 569
4060 569
4061 569
4062 569
4063 569
4064 569
4065 570
4066 570
4067 570
4068 570
4069 570
4070 570
4071 570
4072 571
4073 571
4074 571
4075 571
4076 571
4077 571
4078 571
4079 572
4080 572
4081 572
4082 572
4083 572
4084 572
4085 573
4086 573
4087 573
4088 573
4089 573
4090 573
4091 573
4092 574
4093 574
4094 574
4095 574
4096 575
4097 575
4098 575
4099 575
4100 575
4101 575
4102 575
4103 575
4104 575
4105 575
4106 576
4107 576
4108 576
4109 576
4110 576
4111 577
4112 577
4113 577
4114 577
4115 577
4116 577
4117 577
4118 577
4119 578
4120 578
4121 578
4122 578
4123 578
4124 578
4125 578
4126 578
4127 579
4128 579
4129 579
4130 579
4131 579
4132 579
4133 579
4134 579
4135 579
4136 580
4137 580
4138 580
4139 580
4140 580
4141 580
4142 580
4143 581
4144 581
4145 581
4146 581
4147 581
4148 581
4149 581
4150 582
4151 582
4152 582
4153 582
4154 582
4155 582
4156 582
4157 582
4158 582
4159 582
4160 582
4161 582
4162 582
4163 582
4164 582
4165 582
4166 582
4167 582
4168 582
4169 582
4170 582
4171 582
4172 582
4173 582
4174 583
4175 583
4176 583
4177 583
4178 583
4179 583
4180 583
4181 583
4182 583
4183 583
4184 583
4185 583
4186 583
4187 583
4188 584
4189 584
4190 584
4191 584
4192 584
4193 585
4194 585
4195 585
4196 585
4197 585
4198 586
4199 586
4200 586
4201 586
4202 587
4203 587
4204 587
4205 587
4206 587
4207 587
4208 587
4209 587
4210 587
4211 587
4212 587
4213 587
4214 588
4215 588
4216 588
4217 588
4218 588
4219 588
4220 588
4221 589
4222 589
4223 589
4224 589
4225 589
4226 590
4227 590
4228 590
4229 590
4230 590
4231 591
4232 591
4233 591
4234 591
4235 591
4236 591
4237 591
4238 591
4239 591
4240 591
4241 592
4242 592
4243 592
4244 592
4245 592
4246 592
4247 592
4248 592
4249 593
4250 593
4251 593
4252 594
4253 594
4254 594
4255 594
4256 595
4257 595
4258 595
4259 595
4260 595
4261 595
4262 596
4263 596
4264 596
4265 596
4266 596
4267 596
4268 596
4269 597
4270 597
4271 597
4272 597
4273 597
4274 597
4275 597
4276 598
4277 598
4278 598
4279 599
4280 599
4281 599
4282 599
4283 599
4284 599
4285 600
4286 600
4287 600
4288 600
4289 600
4290 600
4291 600
4292 601
4293 601
4294 601
4295 601
4296 602
4297 602
4298 602
4299 602
4300 602
4301 602
4302 602
4303 602
4304 602
4305 602
4306 602
4307 602
4308 603
4309 603
4310 603
4311 603
4312 603
4313 603
4314 603
4315 603
4316 604
4317 604
4318 604
4319 604
4320 604
4321 604
4322 604
4323 604
4324 605
4325 605
4326 605
4327 605
4328 605
4329 606
4330 606
4331 606
4332 606
4333 607
4334 607
4335 607
4336 607
4337 607
4338 608
4339 608
4340 608
4341 608
4342 608
4343 608
4344 609
4345 609
4346 609
4347 609
4348 609
4349 609
4350 609
4351 609
4352 609
4353 609
4354 609
4355 609
4356 609
4357 609
4358 609
4359 610
4360 610
4361 610
4362 610
4363 610
4364 611
4365 611
4366 611
4367 611
4368 612
4369 612
4370 612
4371 612
4372 612
4373 612
4374 613
4375 613
4376 613
4377 613
4378 613
4379 613
4380 614
4381 614
4382 614
4383 614
4384 614
4385 615
4386 615
4387 615
4388 615
4389 615
4390 615
4391 615
4392 615
4393 615
4394 615
4395 615
4396 615
4397 615
4398 616
4399 616
4400 616
4401 616
4402 616
4403 616
4404 616
4405 616
4406 616
4407 616
4408 616
4409 617
4410 617
4411 617
4412 617
4413 617
4414 617
4415 617
4416 617
4417 617
4418 618
4419 618
4420 618
4421 618
4422 618
4423 618
4424 619
4425 619
4426 619
4427 619
4428 619
4429 619
4430 620
4431 620
4432 620
4433 620
4434 620
4435 620
4436 620
4437 620
4438 621
4439 621
4440 621
4441 621
4442 621
4443 621
4444 621
4445 621
4446 622
4447 622
4448 622
4449 622
4450 622
4451 623
4452 623
4453 623
4454 623
4455 623
4456 623
4457 623
4458 623
4459 623
4460 623
4461 623
4462 623
4463 623
4464 623
4465 624
4466 624
4467 624
4468 624
4469 624
4470 625
4471 625
4472 625
4473 625
4474 625
4475 625
4476 625
4477 625
4478 625
4479 625
4480 625
4481 625
4482 625
4483 626
4484 626
4485 626
4486 626
4487 626
4488 627
4489 627
4490 627
4491 627
4492 627
4493 628
4494 628
4495 628
4496 628
4497 628
4498 628
4499 628
4500 628
4501 628
4502 629
4503 629
4504 629
4505 630
4506 630
4507 630
4508 630
4509 631
4510 631
4511 631
4512 631
4513 631
4514 631
4515 631
4516 631
4517 631
4518 631
4519 631
4520 631
4521 631
4522 631
4523 631
4524 631
4525 631
4526 631
4527 631
4528 631
4529 631
4530 631
4531 631
4532 631
4533 632
4534 632
4535 632
4536 633
4537 633
4538 633
4539 633
4540 633
4541 634
4542 634
4543 634
4544 634
4545 634
4546 634
4547 635
4548 635
4549 635
4550 635
4551 636
4552 636
4553 636
4554 636
4555 636
4556 636
4557 636
4558 636
4559 636
4560 636
4561 636
4562 636
4563 636
4564 637
4565 637
4566 637
4567 637
4568 637
4569 637
4570 637
4571 637
4572 637
4573 637
4574 638
4575 638
4576 639
4577 639
4578 639
4579 639
4580 639
4581 639
4582 639
4583 639
4584 640
4585 640
4586 640
4587 640
4588 640
4589 640
4590 640
4591 640
4592 640
4593 640
4594 641
4595 641
4596 641
4597 641
4598 641
4599 641
4600 641
4601 642
4602 642
4603 642
4604 642
4605 642
4606 642
4607 642
4608 642
4609 642
4610 643
4611 643
4612 643
4613 643
4614 644
4615 644
4616 645
4617 645
4618 645
4619 646
4620 646
4621 646
4622 646
4623 646
4624 646
4625 646
4626 647
4627 647
4628 647
4629 647
4630 647
4631 648
4632 648
4633 648
4634 648
4635 648
4636 648
4637 648
4638 648
4639 648
4640 648
4641 648
4642 648
4643 648
4644 648
4645 648
4646 649
4647 649
4648 649
4649 649
4650 649
4651 649
4652 649
4653 650
4654 650
4655 650
4656 650
4657 650
4658 650
4659 650
4660 651
4661 651
4662 651
4663 651
4664 652
4665 652
4666 652
4667 652
4668 652
4669 652
4670 652
4671 652
4672 652
4673 653
4674 653
4675 653
4676 653
4677 653
4678 653
4679 653
4680 654
4681 654
4682 654
4683 654
4684 654
4685 654
4686 654
4687 655
4688 655
4689 655
4690 655
4691 656
4692 656
4693 656
4694 656
4695 657
4696 657
4697 657
4698 657
4699 657
4700 658
4701 658
4702 658
4703 658
4704 658
4705 658
4706 658
4707 658
4708 658
4709 658
4710 658
4711 658
4712 658
4713 658
4714 658
4715 658
4716 659
4717 659
4718 659
4719 659
4720 659
4721 659
4722 659
4723 659
4724 659
4725 659
4726 660
4727 660
4728 660
4729 660
4730 660
4731 660
4732 660
4733 660
4734 660
4735 660
4736 660
4737 660
4738 660
4739 661
4740 661
4741 661
4742 661
4743 661
4744 661
4745 661
4746 661
4747 661
4748 661
4749 661
4750 661
4751 662
4752 662
4753 662
4754 662
4755 662
4756 662
4757 662
4758 662
4759 662
4760 662
4761 662
4762 663
4763 663
4764 663
4765 664
4766 664
4767 664
4768 664
4769 664
4770 665
4771 665
4772 665
4773 665
4774 665
4775 665
4776 665
4777 666
4778 666
4779 666
4780 666
4781 666
4782 666
4783 666
4784 667
4785 667
4786 667
4787 667
4788 667
4789 667
4790 667
4791 667
4792 668
4793 668
4794 668
4795 668
4796 669
4797 669
4798 669
4799 669
4800 670
4801 670
4802 670
4803 670
4804 670
4805 670
4806 671
4807 671
4808 671
4809 671
4810 671
4811 671
4812 671
4813 671
4814 671
4815 672
4816 672
4817 672
4818 672
4819 672
4820 672
4821 672
4822 672
4823 673
4824 673
4825 673
4826 673
4827 674
4828 674
4829 674
4830 674
4831 674
4832 674
4833 674
4834 675
4835 675
4836 675
4837 675
4838 675
4839 675
4840 675
4841 676
4842 676
4843 676
4844 676
4845 676
4846 676
4847 676
4848 676
4849 676
4850 677
4851 677
4852 677
4853 677
4854 677
4855 677
4856 677
4857 677
4858 677
4859 677
4860 678
4861 678
4862 678
4863 678
4864 678
4865 678
4866 678
4867 678
4868 678
4869 678
4870 678
4871 678
4872 678
4873 679
4874 679
4875 679
4876 679
4877 679
4878 679
4879 679
4880 680
4881 680
4882 680
4883 681
4884 681
4885 681
4886 681
4887 681
4888 681
4889 682
4890 682
4891 682
4892 682
4893 682
4894 683
4895 683
4896 683
4897 683
4898 683
4899 684
4900 684
4901 684
4902 684
4903 684
4904 684
4905 684
4906 684
4907 684
4908 684
4909 684
4910 684
4911 685
4912 685
4913 685
4914 685
4915 685
4916 685
4917 685
4918 685
4919 686
4920 686
4921 686
4922 686
4923 686
4924 686
4925 687
4926 687
4927 687
4928 687
4929 687
4930 687
4931 688
4932 688
4933 688
4934 688
4935 688
4936 688
4937 689
4938 689
4939 689
4940 689
4941 690
4942 690
4943 690
4944 690
4945 690
4946 690
4947 690
4948 690
4949 690
4950 690
4951 690
4952 691
4953 691
4954 691
4955 691
4956 691
4957 691
4958 691
4959 691
4960 691
4961 691
4962 692
4963 692
4964 692
4965 692
4966 692
4967 692
4968 692
4969 692
4970 693
4971 693
4972 693
4973 693
4974 693
4975 694
4976 694
4977 694
4978 694
4979 694
4980 694
4981 694
4982 695
4983 695
4984 695
4985 695
4986 695
4987 695
4988 696
4989 696
4990 696
4991 696
4992 696
4993 696
4994 696
4995 696
4996 696
4997 696
4998 696
4999 696
5000 696
5001 696
5002 696
5003 696
5004 696
5005 696
5006 696
5007 696
5008 696
5009 696
5010 696
5011 696
5012 696
5013 696
5014 696
5015 696
5016 696
5017 696
5018 696
5019 696
5020 696
5021 696
5022 697
5023 697
5024 697
5025 697
5026 697
5027 698
5028 698
5029 698
5030 698
5031 698
5032 698
5033 699
5034 699
5035 699
5036 699
5037 699
5038 699
5039 699
5040 699
5041 700
5042 700
5043 700
5044 700
5045 700
5046 700
